0 0 0,000000
0 1 0,000000
0 2 0,000000
0 3 0,000000
0 4 0,000000
0 5 0,000000
0 6 0,000000
0 7 0,000000
0 8 0,000000
0 9 0,000000

1 0 0,000000
1 1 2,000000
1 2 2,701099
1 3 3,478315
1 4 4,007510
1 5 3,967924
1 6 3,439778
1 7 2,560337
1 8 1,407871
1 9 0,000000

2 0 0,000000
2 1 3,146558
2 2 5,716306
2 3 7,484459
2 4 8,194364
2 5 8,196129
2 6 7,285196
2 7 5,453085
2 8 2,877033
2 9 0,000000

3 0 0,000000
3 1 5,029278
3 2 9,239604
3 3 12,258260
3 4 13,290040
3 5 13,418353
3 6 11,871032
3 7 9,385675
3 8 4,928224
3 9 0,000000

4 0 0,000000
4 1 7,570942
4 2 13,913305
4 3 18,254733
4 4 20,681110
4 5 20,690485
4 6 18,177881
4 7 13,845590
4 8 7,457185
4 9 0,000000

5 0 0,000000
5 1 11,180221
5 2 20,766274
5 3 26,366434
5 4 29,493925
5 5 29,356370
5 6 26,797746
5 7 20,412313
5 8 11,162018
5 9 0,000000

6 0 0,000000
6 1 17,053640
6 2 30,032202
6 3 38,103215
6 4 41,713559
6 5 41,680739
6 6 38,105600
6 7 30,029362
6 8 16,646710
6 9 0,000000

7 0 0,000000
7 1 27,495388
7 2 44,742919
7 3 53,913244
7 4 57,584767
7 5 57,674416
7 6 53,708453
7 7 44,593455
7 8 27,611298
7 9 0,000000

8 0 0,000000
8 1 48,678549
8 2 67,174800
8 3 74,559229
8 4 77,601617
8 5 77,499337
8 6 74,446008
8 7 66,858768
8 8 48,524426
8 9 0,000000

9 0 100,000000
9 1 100,000000
9 2 100,000000
9 3 100,000000
9 4 100,000000
9 5 100,000000
9 6 100,000000
9 7 100,000000
9 8 100,000000
9 9 100,000000

